031000010000
115000010000
096000010000
136000010000
113000010000
039000010000
018000010000
002000010000
100000010000
009000010000
045000010000
098000010000
088000010000
003000010000
058000010000
008000010000
005000010000
752000010000
500000010000
846000110000
995000110000
230000010000
013000110000
256000010000
331000010000
971000010000
532000110000
232000010000
680000010000
641000010000
919000010000
385000010000
168000110000
822000010000
210000010000
612000010000
342000210000
459000010000
356000010000
258000010000
469000010000
403000010000
360000010000
268000110000
219000010000
376000010000
396000010000
326000010000
291000010000
260000010000
481000110000
20003010000
251000310000
33005210000
95002210000
26005410000
98000710000
82001310000
91006010000
310000410000
51002110000
36005210000
225000310000
71004910000
82001410000
54004310000
195000410000
993000310000
28005910000
103000410000
08005910000
18005110000
79000210000
64004510000
449000210000
94005210000
36005310000
84004510000
86002710000
04005410000
072000410000
28004910000
57005610000
83005510000
626000310000
639000310000
70001910000
70003910000
10004410000
470000410000
39006410000
19006910000
79008010000
34007910000
93006110000
99007510000
95006610000
72006310000
96006810000
28008010000
53007510000
84008010000
05006310000
90006410000
91006610000
53008010000
88007210000
30006310000
73007810000
58008210000
84006810000
63007810000
86006510000
21006810000
59006710000
90008110000
10007910000
62006410000
10006410000
04008110000
85006810000
49007110000
67007410000
25008310000
61006910000
15008010000
48007510000
44006210000
31006310000
42006210000
42007510000
91006310000
42008610000
50008610000
09008610000
51008610000
66008810000
26008610000
22008810000
95008710000
35008910000
22008910000
73009010000
36009010000
20008810000
02009110000
43009010000
47008510000
96008310000
92008310000
03008710000
48008410000
12008810000
83008610000
40008710000
41008710000
47009110000
42009010000
81008710000
36008610000
53008610000
25008810000
11004020000
30008910000
53008310000
36008410000
87008710000
36009110000
09009010000
38009110000
37008610000
96008510000
59008710000
48009110000
10008710000
12009510000
36009510000
19009410000
37009410000
33009610000
05009810000
25009210000
57009710000
55009210000
00009410000
14009310000
21009610000
16009410000
27009310000
20009410000
79009110000
59009710000
41009810000
28009310000
30009510000
45009210000
02009510000
23009310000
72009310000
46009710000
32009510000
00009310000
86009410000
86009210000
22009210000
39009710000
69009810000
13009510000
05009310000
19009610000
70009810000
52009810000
13009210000
53009810000
40009410000
21009310000
04009310000
82009810000
12100110001
95010110000
03009910000
91010210000
18010510000
80009810000
86100110001
54100010001
11009910000
25100010001
28010510000
51010210000
61009910000
27009910000
96009810000
53009910000
59010210000
32010310000
60010510000
57010210000
63100210001
55010510000
19010510000
76010410000
28010210000
79010510000
28010610000
45010210000
90010410000
39010210000
49100210001
39010110000
96010110000
87010210000
36100010001
38010010000
76010110000
93010210000
07010010000
68009910000
82009910000
51010010000
48101910001
68100310001
01100810001
05100610001
88100910001
27100510001
38101910001
59101810001
35101410001
43102010001
62101510001
07101010001
75101510001
61100310001
17100310001
01101010001
41102010001
22100610001
80101910001
94100210001
99100810001
10101510001
26102110001
07101210001
91102010001
27101110001
35102010001
21101910001
60101810001
12101010001
48101510001
87100910001
82101110001
05102110001
12100810001
93101910001
96101010001
47101510001
78102010001
97100310001
36101810001
80100810001
89100910001
57101110001
09101510001
85103010001
01102310001
20103110001
81102910001
35102210001
76103110001
08103110001
08102610001
82102210001
05102610001
58102210001
60102910001
35102410001
78102210001
29102910001
91102110001
82103010001
93102110001
21102710001
32102510001
33102110001
06103110001
40102310001
41102310001
23102910001
96102710001
51102110001
01102510001
92102710001
30102310001
90102910001
01102210001
45102510001
61103110001
52102810001
81102110001
43102510001
10102810001
80102710001
65102810001
98103010001
68103410001
31103310001
56103910001
36103810001
36103610001
89103910001
49103310001
45103810001
21103410001
92103710001
56103510001
81103810001
66103510001
88103110001
73103310001
28104010001
45103410001
72103910001
39103910001
72103810001
88103810001
35103310001
06104110001
36103910001
95103410001
03103410001
91103210001
25103510001
11103310001
38103810001
39103810001
59103310001
42103910001
20103210001
85103910001
56103610001
26103910001
70103410001
60104010001
61104010001
91103110001
61103310001
66105010001
52104510001
99104510001
51104110001
13104110001
60105010001
91104210001
49104710001
21104910001
61104810001
22104810001
26105010001
68104610001
53105010001
90104510001
18104510001
99104410001
61104210001
41104710001
68105010001
19104910001
71104510001
89104310001
09104610001
08104410001
93105010001
69104410001
49104110001
99104210001
53104710001
58104210001
43104810001
00104510001
55104110001
79104110001
10104310001
38104410001
76104310001
03104810001
40104510001
25104510001
12104210001
59104110001
39105610001
53105610001
55105610001
10105110001
00105710001
46105510001
19105710001
19105910001
89105210001
30105510001
26105110001
19105410001
53105210001
23105610001
70105410001
73105710001
08105710001
69105310001
02105110001
01105610001
01105810001
53105710001
39105210001
63105410001
92105510001
90105610001
51105210001
31105410001
85105110001
31105210001
70105810001
05105110001
90105210001
85105310001
46105710001
50105310001
11105510001
61105710001
59105510001
83105810001
32105810001
42105610001
99105610001
71105410001
50106110001
92106710001
73106410001
53106710001
00106110001
18106210001
05106410001
66106710001
30106310001
22106510001
26106110001
89106210001
03106210001
21105910001
19106310001
75106310001
80106610001
60106410001
78106610001
26106210001
69106310001
50106710001
45106110001
85106310001
00106310001
90106710001
13106610001
21106010001
62106710001
85106510001
89106310001
12106610001
21106210001
16106510001
83106110001
88106610001
50106510001
56106710001
83106810001
79106510001
65106010001
30106710001
98107310001
31107610001
58107510001
66106910001
68107110001
05107310001
16107110001
42107210001
49106910001
45107610001
31107210001
33107110001
39107510001
62107210001
53107610001
46107610001
72107410001
49107510001
51107510001
69107310001
33107310001
03107110001
16107610001
46107110001
10107510001
29107510001
33107610001
90107310001
65107010001
72107310001
99107510001
60107610001
65107610001
73107410001
15107110001
68107310001
61107210001
82107010001
20107510001
23107510001
52107110001
09107210001
31107310001
63107810001
02108110001
56107810001
12108210001
70108310001
36107810001
75108410001
26108510001
16108510001
92107810001
18108210001
71108010001
69108010001
30108210001
32107910001
66107910001
72108010001
40107710001
29107910001
92108010001
95108110001
01107710001
93108010001
70108010001
25108210001
89107610001
08107810001
83107610001
81107610001
63108410001
70107610001
22107710001
45108510001
30107710001
02108010001
13108510001
73108110001
73108410001
72107910001
21108510001
21107710001
73107810001
00107710001
38108210001
87107610001
085000019000
53400630004
252000119000
79086230000
89108610001
26200230002
666000120000
65108510001
136000011000
65085830000
68000480000
006000019000
558000217000
41116410001
72004020000
15000060000
05200130002
123000118000
585000114000
86085230000
328000018000
76200310002
88111610001
98085230000
499000020000
66000060000
88110510001
97082330000
562000025000
26202730002
15086830000
41201810002
15201330002
05400030004
058000019000
33000350000
20201930002
08002120000
90001520000
029000020000
46114110001
175000012000
18800410008
878000014000
79400330004
81001050000
262000020000
463000020000
905000111000
476000217000
372000019000
138000016000
25000920000
67081030000
63082030000
68600310006
71001220000
898000023000
99108710001
76000080000
731000017000
49109310001
011020012000
68080330000
32001220000
313000111000
11001920000
33085030000
29086230000
83086230000
56000550000
17086030000
32400210004
58000570000
36002120000
56200630002
69109010001
16086830000
018000020000
95203430002
32000650000
673000011000
822000020000
40109310001
10002120000
66114110001
95111810001
95108810001
29110710001
65000160000
40400130004
00109910001
38000920000
20000780000
08083930000
32000170000
26115010001
31115410001
15109510001
90110510001
232000018000
79000020000
48109210001
77082730000
05111610001
68400110004
20111210001
26000060000
071000021000
11082030000
71000050000
362000019000
388020012000
068000022000
01115610001
58000480000
520000025000
69000450000
35083730000
15114210001
22000150000
75000080000
236000117000
72000160000
239000011000
00000380000
10001920000
30110310001
148000023000
128000024000
033000012000
386000014000
12086630000
99116410001
88110110001
00000220000
86200030002
593000011000
448000016000
19116910001
10086230000
58203930002
111000214000
16109110001
073000014000
72000180000
321000019000
821000214000
66400830004
03083330000
98000080000
76082630000
83112110001
37083730000
69000270000
88001920000
33000290000
103000013000
50108510001
36111910001
69109210001
945000019000
373000019000
36083330000
49400830004
59201330002
46800310008
97085030000
49109510001
36085530000
885000014000
800000119000
041000026000
91080830000
36002320000
41108610001
50112610001
95000920000
220000026000
82000160000
10109210001
81200130002
28201730002
030000020000
95111410001
001000023000
170000119000
21108610001
348000119000
23000270000
52201230002
086000019000
12111610001
95080130000
90082730000
71600010006
19200730002
03112010001
871000020000
93000750000
79800210008
00000960000
29000420000
052000017000
71000920000
68110510001
18000060000
19085330000
86108810001
500000014000
89082330000
51000070000
30200030002
209000021000
880000019000
282000020000
025000018000
899000014000
93002070000
72400010004
265000011000
92400230004
56088030000
10109010001
86108610001
66109910001
171000022000
95001320000
25112310001
18000070000
191000114000
92086730000
15087430000
55200030002
30400130004
66114510001
30109310001
975000117000
89082030000
25114610001
86109410001
22085830000
035000020000
58109010001
25000220000
20108810001
13800410008
10083130000
58200930002
83110510001
559000018000
75000820000
030000012000
58000180000
01201410002
999000011000
220000011000
01083230000
466000017000
003000120000
492000020000
20000560000
68086130000
719000023000
98116110001
55080530000
567000011000
25600110006
73110010001
200000119000
46000080000
69200130002
85108910001
62201930002
698000011000
02085730000
43002420000
236000018000
33001070000
41000650000
65000250000
19109210001
17085130000
213000414000
86088130000
69080130000
88000870000
35109110001
73800410008
66081930000
23400130004
11108910001
068000019000
59109010001
319000024000
85110810001
085000013000
51111810001
37400430004
43200030002
541000117000
62200030002
48001620000
38000320000
35116010001
906000018000
68108710001
198000118000
61000650000
61108710001
459000016000
08110310001
950000111000
11086530000
31200030002
83400130004
491000024000
121000020000
19000970000
95109210001
166000013000
29086530000
71112510001
85000450000
13000270000
772000013000
499000014000
28111010001
123000119000
590000019000
00082930000
01086730000
518000120000
93082730000
35085130000
66108810001
71400110004
38203530002
48000780000
90201730002
516000414000
21080530000
70800410008
80083730000
76113710001
151000012000
16082030000
86000220000
45113110001
72085630000
92000670000
200000015000
67086230000
50082330000
757000017000
31000960000
95108710001
33400230004
455000018000
010000013000
10000180000
05000060000
61000570000
59082530000
306000015000
85002520000
076000022000
99111610001
589000022000
78083630000
03086330000
90086230000
32000370000
76201010002
588000011000
25080130000
25109610001
731000111000
825000114000
282000012000
57400130004
212000024000
98400230004
72201010002
553000025000
11108810001
37082530000
509000023000
63001920000
36110510001
66109310001
81203630002
51200930002
043000019000
78108910001
371000514000
52003420000
82109410001
28085130000
23086330000
071000015000
119000118000
482000014000
99000080000
87085030000
89400430004
00109510001
98108910001
85088130000
70111910001
21000120000
72085730000
49001720000
33109210001
21000620000
98082630000
421000021000
92085030000
93111910001
243000120000
53000650000
08110710001
55200130002
26109610001
509000217000
782000019000
288000214000
25085030000
30000020000
32800210008
65110610001
79109410001
096000021000
89081930000
52109210001
38000120000
43000170000
85086330000
98003520000
10400210004
10108710001
61111910001
12200130002
230000214000
60001520000
37400230004
96600010006
13111010001
021000020000
422000414000
96000470000
156000214000
70113110001
650000022000
96001520000
17085230000
498000111000
010020012000
49200330002
99082830000
015000020000
67086030000
323000014000
40800210008
92000290000
011000015000
325000120000
78000050000
808000011000
86085130000
777000023000
29114210001
09083230000
926000014000
89086630000
78002020000
38000020000
008020012000
19000070000
68000170000
153000018000
31108810001
99083130000
09083130000
723000017000
81108610001
30086030000
03000620000
52800010008
95110610001
12000770000
11000180000
165000023000
21085230000
113000514000
48800310008
033000013000
58000250000
11000450000
59081330000
546000217000
81085630000
52000060000
80200030002
506000117000
43109410001
349000214000
88110610001
00000770000
63400130004
469000011000
71000150000
29800310008
02112610001
001000015000
93800010008
368000314000
18082730000
85083130000
035000025000
13000370000
42000150000
51086730000
63086730000
122020012000
75109510001
83116610001
092000012000
31800410008
88118810001
21109210001
062000019000
762000021000
98000050000
592000021000
21203730002
078000021000
51000920000
58082730000
10000650000
66081730000
80108810001
53083630000
48109610001
43115510001
26000570000
56109210001
29200530002
791000120000
309000217000
65111810001
73000050000
68200030002
353000014000
26400230004
316000011000
23114210001
078000117000
899000217000
08081930000
90108710001
009000014000
45088230000
19085230000
27081230000
530000025000
85110710001
72800010008
23086030000
444000114000
300000019000
92000180000
13200030002
28110910001
035000013000
15109010001
339000014000
015020012000
21083030000
63115710001
15112810001
73086230000
63600110006
73003820000
69086230000
28083530000
51113410001
762000024000
48110610001
022000013000
22115310001
25112110001
33109510001
62116210001
60000220000
58108710001
06001020000
369000020000
33000250000
56086230000
69080930000
51086830000
32001920000
751000023000
46000220000
111000017000
97082730000
40200730002
86400210004
441000017000
872000119000
073000011000
95000320000
57082030000
699000013000
361000014000
75082830000
03800410008
08000650000
92003820000
19086830000
343000016000
73000090000
91200610002
11109110001
875000019000
09001920000
07086330000
73110710001
10081030000
036000020000
262000019000
21108710001
82004120000
071000012000
71800010008
30111310001
413000019000
252000118000
08200110002
081000013000
49109910001
386000020000
49002220000
06110010001
76081730000
502000514000
21110410001
079000014000
806000217000
20110110001
32109910001
603000014000
176000019000
25800010008
052000021000
78400010004
62200730002
59000380000
28110210001
70000770000
33600110006
70400030004
51110210001
43000180000
12110810001
12085530000
092000017000
538000019000
190000123000
421000019000
68086730000
60080730000
65400030004
88000120000
122000013000
666000017000
02082130000
59001820000
10110410001
61200230002
53400010004
50110910001
050000018000
75108610001
62110210001
28400130004
172000017000
158000014000
10110010001
076000015000
19002520000
216000011000
620000014000
15000650000
11110410001
268000019000
56400010004
082000019000
176000014000
233000011000
131000018000
33109010001
686000017000
03202110002
64400030004
068000011000
210000019000
20000260000
191000019000
85200330002
96002220000
410000019000
73110110001
30600010006
92109810001
048000021000
13000180000
168000011000
48110010001
63111210001
05109910001
65400110004
60400030004
110000015000
846000017000
39000320000
301000019000
39002520000
42112310001
120000015000
84400030004
636000014000
29114910001
03002220000
198000514000
03200130002
119000020000
68109710001
71400010004
10200330002
389000020000
222000011000
039000023000
63110110001
60085130000
62086630000
83109010001
90400010004
11110510001
236000014000
61400030004
38002120000
093000020000
16400110004
19110110001
12200530002
146000020000
209000019000
110000019000
56400030004
19400110004
32000380000
70002220000
456000019000
39400110004
068000015000
238000019000
52108810001
041000019000
79200010002
13600010006
29111310001
066000019000
25083830000
149000020000
518000414000
60800010008
079000019000
96000160000
63110310001
78004120000
150000011000
045000021000
15111210001
98108810001
270000014000
51085630000
73001020000
142000020000
302000014000
21000360000
150000018000
888000514000
03086730000
61080330000
38202430002
082000017000
28000280000
58600010006
42400030004
96101210001
57400030004
13200010002
41600010006
320000010000
78106510001
528000019000
069000015000
383000010000
11102610001
49102210001
023000010000
45002220000
328000010000
72200030002
66200010002
12202010002
612000217000
169000025000
280000012000
205000019000
63104310001
921000119000
115000013000
12600010006
093000019000
160000023000
38107210001
46201010002
51109010001
40108210001
89200030002
02000270000
22400130004
46108510001
019000019000
50001020000
81001220000
36082830000
75088830000
13202110002
201000020000
70110710001
95009810000
36200010002
28083330000
55103810001
16109310001
212000011000
81007110000
95116510001
016000013000
141000012000
38005010000
36400230004
32200010002
55400030004
49201810002
21003920000
486020012000
91400830004
65087130000
736000211000
23109710001
41103710001
93085930000
05000710000
98200030002
256000014000
50400830004
88201610002
11400110004
530000514000
331000019000
095020012000
61400130004
15083330000
141000019000
47010210000
13106810001
65000870000
929000120000
015000017000
99006410000
040000010000
25114910001
33000390000
87085230000
35004810000
009020012000
68117010001
72104510001
992000120000
48115110001
77117110001
31117110001
903000020000
29083330000
71202530002
90009510000
33001050000
003020012000
092000020000
068000010000
458000018000
038000010000
32111010001
